Body: 0
XPosition: 325, YPosition: 492, XVelocity: 3.493286211825298E8, YVeloctiy: -1.9921873033893726E9

Body: 1
XPosition: 31, YPosition: 421, XVelocity: 4.077539558174702E8, YVeloctiy: 4.9703102538937426E8

