Body: 0
XPosition: 395, YPosition: 189, XVelocity: 0.0, YVeloctiy: 0.0

Body: 1
XPosition: 117, YPosition: 258, XVelocity: 1.414258493140239, YVeloctiy: -0.351020992901714

